mag_u    mag_g    mag_r    mag_i    mag_z    sep    DLR    zphoto    age    logSFR    
  19.129      17.179      16.266      15.898      15.528      2.22      0.67       0.0879       6.66      -15.23
  19.573      17.800      16.759      16.289      15.912      2.32      1.46       0.1372       8.45      -11.75
  21.196      19.756      18.899      18.421      18.061      1.58      0.98       0.1013       5.37      -10.34
  20.170      18.376      17.372      16.945      16.654      3.41      1.62       0.1506       6.57      -13.05
  19.544      17.799      16.913      16.488      16.178      1.36      0.80       0.0891       7.07      -12.23
  21.108      19.118      18.096      17.672      17.361      1.74      1.68       0.1302       8.20      -15.65
  19.745      18.701      17.751      17.356      16.968      2.45      0.81       0.2830       3.85      -10.18
  21.396      20.232      19.185      18.932      18.401      3.16      3.17       0.3026       2.93      -10.08
  22.441      21.754      19.987      19.335      19.006      2.68      2.58       0.3855       5.29      -12.61
  20.144      18.515      17.580      17.090      16.797      4.06      2.59       0.1620       7.93      -11.36
  24.357      20.192      18.894      18.331      18.002      1.77      1.55       0.2482       7.71      -17.02
  21.932      20.948      20.313      20.092      19.385      0.94      0.75       0.2609       4.01      -10.20
  20.370      18.444      17.421      17.007      16.618      1.11      0.96       0.1234       7.75      -15.75
  24.362      19.942      18.873      18.469      18.097      6.96      4.11       0.1589       9.52      -17.73
  21.856      20.987      20.186      19.865      19.616      1.26      1.51       0.2618       3.90      -10.17
  21.916      20.426      20.129      19.914      19.991      0.33      0.34       0.0460       3.29      -10.11
  21.642      20.611      19.669      19.275      18.971      2.03      2.13       0.2440       4.47      -10.27
  21.149      20.110      19.398      19.017      18.791      1.64      1.70       0.1668       4.01      -10.20
  20.984      20.606      20.147      20.102      20.697      1.02      1.67       0.1709       2.68      -10.05
  20.422      19.990      19.858      19.722      20.189      1.83      2.19       0.0874       3.03      -10.09
  22.632      23.211      21.939      22.144      21.230      0.73      1.60       0.3705       3.67      -10.15
  21.105      19.703      18.745      18.257      18.051      2.79      1.97       0.2038       5.58      -10.52
  22.051      21.376      20.530      20.270      19.791      1.36      1.68       0.3525       4.80      -10.29
  21.633      20.383      19.446      18.954      18.547      0.85      0.80       0.1905       4.55      -10.25
  23.413      22.697      21.878      21.858      21.945      0.71      0.75       0.3512       3.50      -10.13
  20.199      19.316      18.757      18.396      18.268      1.88      1.74       0.1628       4.30      -10.24
  22.878      22.597      21.627      21.314      21.671      1.24      1.06       0.4287       3.37      -10.11
  21.574      18.299      17.505      17.080      16.790      5.84      0.91       0.3186       4.29      -11.23
  20.357      19.196      18.726      18.417      18.319      2.08      1.29       0.0837       3.42      -10.14
  20.295      18.403      17.245      16.764      16.390      3.14      2.04       0.1658       7.84      -14.47
  21.725      20.716      19.267      18.727      18.308      2.86      2.52       0.3400       6.08      -11.11
  20.579      19.169      18.535      18.176      17.884      1.22      0.74       0.0753       4.60      -10.24
  20.539      18.976      18.042      17.612      17.332      2.33      3.54       0.1261       5.57      -10.70
  21.047      20.410      19.915      19.594      19.441      0.52      0.72       0.1816       4.36      -10.21
  20.839      19.534      18.900      18.558      18.393      0.65      0.84       0.0992       5.59      -10.44
  21.029      19.953      19.250      18.981      18.783      0.73      0.51       0.2075       5.02      -10.31
  22.567      22.041      21.430      20.923      20.274      1.23      1.03       0.5427       4.39      -10.25
  22.206      20.444      19.235      18.762      18.447      2.76      5.52       0.1919       6.34      -11.92
  22.160      21.530      21.148      21.002      21.564      1.29      1.55       0.2138       2.24       -9.99
  18.988      17.518      16.802      16.412      16.133      5.35      2.22       0.0793       5.30      -10.36
  18.794      17.331      17.091      16.833      16.682      0.10      0.04       0.0500       3.34      -10.12
  21.079      19.989      18.968      18.577      18.291      3.13      2.59       0.2736       4.26      -10.26
  24.255      23.514      22.995      21.936      22.289      0.28      0.52       0.5919       4.89      -10.38
  23.706      23.613      22.482      22.997      22.884      1.13      2.27       0.3327       2.75      -10.03
  21.796      19.670      19.298      19.234      19.948      0.62      0.52       0.0950       3.88      -10.18
  23.136      22.537      22.223      22.637      22.075      0.23      0.14       0.1473       2.20       -9.97
  21.591      21.152      20.760      20.593      20.774      1.08      1.11       0.1896       2.84      -10.08
  22.979      23.083      21.794      21.995      21.950      1.33      5.70       0.3461       2.50      -10.03
  19.495      18.651      17.865      17.450      17.272      2.15      1.99       0.2128       6.57      -10.70
  22.044      21.923      21.471      21.989      21.030      2.44      3.28       0.3455       1.83       -9.95
  21.447      20.529      20.183      19.974      19.988      0.22      0.24       0.0628       3.55      -10.14
  21.092      20.078      19.464      19.498      19.231      1.73      0.94       0.1333       2.83      -10.05
  23.206      21.762      21.300      21.218      21.835      2.41      3.58       0.0813       3.89      -10.18
  20.754      20.355      19.753      19.553      19.618      0.85      0.74       0.2923       3.80      -10.15
  24.529      21.913      20.120      19.485      19.037      1.99      2.12       0.3811       4.90      -14.14
  21.199      20.463      20.076      19.837      19.690      0.77      1.07       0.1216       3.04      -10.07
  23.078      21.657      21.159      21.076      20.513      0.49      0.45       0.0815       2.73      -10.04
  23.512      21.935      20.441      19.747      20.782      4.40      3.41       0.2920       6.71      -12.77
  22.445      22.219      21.479      21.221      21.301      0.45      0.60       0.4146       2.49      -10.00
  20.436      18.994      18.110      17.637      17.358      1.18      0.81       0.1514       6.42      -10.45
  17.447      15.761      15.002      14.625      14.361      9.27      1.65       0.0577       7.66      -13.94
  21.412      20.703      19.774      19.442      19.143      2.76      3.53       0.3221       4.87      -10.28
  22.008      20.375      19.148      18.758      18.377      2.44      2.13       0.2080       4.16      -10.79
  18.305      17.292      16.864      16.591      16.433      0.49      0.17       0.0771       5.51      -10.33
  21.660      21.079      20.347      19.996      19.668      1.47      1.22       0.2924       4.13      -10.20
  23.825      21.787      21.428      21.479      20.557      0.52      0.71       0.2031       2.56      -10.02
  22.276      21.243      20.551      20.459      20.674      2.09      3.74       0.2024       2.06       -9.96
  22.339      21.399      20.719      20.850      20.613      1.32      1.03       0.1465       2.53      -10.01
  21.787      20.481      19.015      18.441      18.013      0.91      0.79       0.3175       6.50      -11.12
  21.837      20.825      20.174      19.907      19.732      0.66      0.58       0.1681       2.95      -10.05
  19.075      17.134      16.209      15.806      15.481      6.53      4.77       0.0945       7.24      -15.30
  20.283      19.451      18.627      18.199      17.996      4.80      3.05       0.2206       6.33      -10.67
  22.641      22.104      21.475      20.846      21.275      0.97      0.95       0.4917       4.32      -10.24
  19.876      18.422      17.780      17.378      17.157      0.57      0.36       0.0833       4.09      -10.22
  22.474      21.065      20.360      20.087      19.748      0.93      0.94       0.1014       4.34      -10.25
  20.151      18.796      18.116      17.759      17.488      0.89      0.98       0.0619       6.50      -10.55
  22.835      21.412      20.224      19.729      19.564      1.28      1.54       0.2466       4.76      -10.50
  18.320      16.938      16.447      16.209      16.042      0.58      0.54       0.0437       3.90      -10.19
  21.649      19.224      17.929      17.438      17.137     10.42      6.04       0.2020       8.21      -16.67
  20.928      19.894      19.144      18.835      18.590      1.03      0.74       0.1727       5.03      -10.32
  22.816      22.193      20.933      21.228      20.585      1.40      1.14       0.3063       3.69      -10.17
  21.630      20.946      20.293      19.801      19.407      1.86      1.61       0.4374       5.09      -10.26
  21.257      18.970      17.991      17.585      17.256      0.60      0.48       0.1141       7.86      -15.85
  21.813      21.589      21.056      21.089      21.039      0.88      1.70       0.2958       2.88      -10.06
  24.710      22.176      20.410      19.729      19.286      3.35      4.45       0.4006       6.14      -15.22
  22.064      20.388      19.357      18.874      18.602      0.80      0.92       0.1756       5.43      -10.62
  18.703      17.331      16.803      16.448      16.248      3.76      1.31       0.0723       4.02      -10.20
  21.665      19.642      18.282      17.769      17.445      3.76      3.81       0.2228       7.65      -16.19
  16.338      14.815      14.360      14.149      14.046     18.59      1.52       0.0404       5.61      -11.81
  22.382      21.581      20.328      19.693      19.280      0.65      0.45       0.4020       7.48      -12.20
  20.704      19.286      18.355      17.920      17.601      0.83      0.66       0.1585       4.03      -10.18
  21.692      21.480      20.529      20.292      19.789      2.72      2.62       0.3819       3.37      -10.13
  20.656      20.035      19.690      19.375      19.374      1.79      2.94       0.1593       3.67      -10.16
  20.435      19.074      18.494      18.190      17.948      0.60      0.38       0.0564       3.88      -10.18
  22.576      22.239      21.577      22.395      21.679      0.73      0.77       0.2796       2.64      -10.04
  22.147      20.631      19.639      19.350      18.865      2.25      1.50       0.2141       3.20      -10.10
  22.422      21.189      19.972      19.608      19.395      1.63      1.44       0.3062       3.31      -10.19
  22.424      20.300      18.981      18.439      18.067      2.49      2.18       0.2006       6.69      -12.72
  22.618      19.439      18.348      18.001      17.653      2.22      1.37       0.1768       6.64      -15.66
  19.635      18.352      17.879      17.597      17.452      1.15      1.10       0.0564       4.29      -10.22
  18.683      16.959      15.957      15.468      15.056      6.62      2.27       0.1168       7.26      -10.82
  21.261      20.971      20.360      20.097      19.656      0.88      0.60       0.3168       3.66      -10.14
  21.872      20.914      20.099      19.778      19.390      1.76      1.94       0.2965       3.73      -10.16
  17.869      16.694      16.240      15.966      15.784      0.94      0.64       0.0517       4.77      -10.26
  20.715      19.872      19.449      19.213      19.232      1.22      0.91       0.1381       4.16      -10.20
  23.410      22.006      20.537      20.009      19.764      0.72      0.83       0.2878       4.29      -10.93
  20.861      19.914      19.505      19.291      19.225      1.75      1.10       0.0670       3.52      -10.15
  25.082      24.644      22.544      22.395      22.784      2.20      6.16       0.3666       4.87      -10.57
  23.360      22.881      21.883      21.547      21.145      0.93      1.32       0.3909       3.47      -10.12
  21.509      21.307      21.275      21.050      21.637      2.37      5.22       0.1592       1.92       -9.97
  23.673      22.305      21.491      21.513      22.242      1.35      3.35       0.3900       2.55      -10.02
  25.051      23.999      22.760      22.145      20.954      1.24      4.47       0.6191       5.18      -10.73
  18.537      16.952      16.238      15.883      15.652      6.70      1.35       0.0594       6.13      -11.17
  18.765      17.188      16.422      16.000      15.676     10.35      3.35       0.0613       6.26      -10.46
  19.283      17.278      16.339      15.934      15.623      5.27      2.23       0.0972       6.68      -15.26
  22.136      21.209      20.408      20.103      19.797      1.65      1.78       0.2679       3.63      -10.16
  19.917      18.128      17.067      16.683      16.363      2.77      1.87       0.1552       7.71      -15.28
  25.343      22.033      21.200      21.372      21.263      0.89      1.01       0.2180       4.91      -11.07
  19.891      18.966      18.445      18.030      17.936      2.83      3.44       0.1476       5.00      -10.30
  20.237      18.901      18.341      17.976      18.036      1.42      0.62       0.0896       3.47      -10.12
  20.467      18.895      18.141      17.728      17.310      3.30      3.38       0.0317       3.64      -10.20
  21.570      20.360      19.485      19.206      19.152      3.32      2.21       0.2623       3.40      -10.14
  22.980      21.987      21.180      20.839      20.772      0.32      0.52       0.2360       4.28      -10.25
  22.844      20.406      19.020      18.531      18.337      0.60      0.43       0.2442       6.19      -14.92
  16.054      14.303      13.499      13.107      12.799     11.15      2.16       0.0544       8.60      -14.83
  20.012      18.979      18.390      17.945      17.753      0.42      0.30       0.1144       7.63      -10.49
  20.577      18.609      17.540      17.117      16.767      0.79      0.65       0.1384       8.00      -15.63
  20.808      19.821      19.092      18.666      18.454      1.53      1.61       0.1913       5.19      -10.33
  19.530      18.132      17.293      16.857      16.616      3.92      2.39       0.1638       6.16      -10.50
  18.951      17.803      17.131      16.815      16.516      6.70      2.27       0.1281       4.81      -10.28
  18.766      17.869      17.586      17.311      17.239      1.41      0.74       0.0764       3.81      -10.16
  20.928      19.091      17.685      17.134      16.793      5.42      2.83       0.2424       7.09      -14.65
  23.340      22.366      21.809      21.798      21.099      0.27      0.68       0.2777       2.61      -10.03
  21.807      21.028      20.562      20.429      19.895      0.60      0.59       0.2376       2.68      -10.03
  20.652      19.823      19.151      18.870      18.583      2.57      1.92       0.2576       3.69      -10.13
  21.635      20.203      19.488      19.029      18.636      3.16      6.28       0.0537       4.28      -10.23
  20.446      19.062      18.303      17.908      17.671      1.99      1.30       0.1271       3.24      -10.11
  20.285      19.033      18.539      18.352      18.193      2.59      1.12       0.0269       3.85      -10.20
  21.997      19.951      18.880      18.513      18.245      0.45      0.49       0.1776       8.06      -16.02
  20.694      19.483      18.865      18.597      18.382      0.96      0.65       0.0731       2.98      -10.08
  20.144      19.300      18.517      18.143      17.920      1.32      0.73       0.2229       4.64      -10.28
  19.559      17.661      16.652      16.198      15.833      7.78      6.57       0.1142       7.93      -15.04
  21.349      20.381      19.057      18.568      18.193      2.40      1.60       0.3356       3.82      -10.16
  22.509      21.590      20.992      20.836      20.450      0.12      0.17       0.2329       3.57      -10.14
  20.657      19.656      19.117      18.847      18.817      0.82      0.53       0.1366       3.63      -10.16
  20.684      19.821      19.291      19.024      18.916      1.94      2.51       0.1319       3.15      -10.09
  22.999      20.961      19.721      19.276      19.018      0.84      0.83       0.2402       5.71      -12.52
  19.869      18.911      18.330      17.892      17.730      2.01      1.40       0.1492       6.36      -10.43
  23.555      22.669      21.318      20.871      20.422      2.05      2.21       0.3636       7.26      -13.01
  24.410      22.220      21.827      21.681      21.509      0.86      1.70       0.3063       4.00      -10.19
  22.568      21.717      20.402      19.839      19.739      0.98      0.97       0.3999       7.12      -13.38
  21.764      20.777      20.036      19.626      19.388      2.34      3.16       0.1665       4.46      -10.22
  21.101      19.248      17.996      17.472      17.119      3.93      3.87       0.2011       6.46      -12.03
  22.440      22.309      21.403      21.464      23.837      1.33      1.03       0.3667       2.37      -10.00
  20.353      19.650      19.043      18.788      18.540      3.43      3.56       0.2548       2.93      -10.04
  21.294      19.736      18.556      18.075      17.743      2.29      2.03       0.2065       5.70      -10.72
  20.274      19.363      18.753      18.497      18.233      4.29      3.06       0.1869       2.73      -10.04
  23.157      20.564      19.877      19.741      19.753      2.62      1.77       0.2198       2.89      -10.08
  21.807      20.521      19.936      19.636      19.401      2.45      2.67       0.0518       4.46      -10.27
  20.760      19.284      18.623      18.271      18.030      2.51      1.43       0.0671       4.24      -10.27
  20.675      19.766      18.722      18.325      17.922      2.63      1.34       0.3360       4.92      -10.24
  20.896      19.802      19.041      18.707      18.503      3.80      3.27       0.1750       3.33      -10.11
  22.101      21.360      20.649      20.259      19.889      0.19      0.20       0.2314       5.78      -10.45
  21.891      21.095      19.873      19.442      19.235      2.07      1.66       0.3548       4.05      -10.32
  25.040      22.443      20.843      20.118      19.760      1.98      2.04       0.4036       7.72      -16.16
  20.964      20.138      19.511      19.471      19.566      2.52      1.68       0.1589       2.87      -10.07
  23.041      23.248      21.940      22.541      21.386      2.57      5.36       0.3422       5.21      -10.35
  22.703      22.733      21.859      21.784      21.002      0.62      0.83       0.4692       5.65      -10.44
  19.897      18.624      17.751      17.342      17.109      1.32      0.82       0.1814       4.52      -10.28
  22.069      20.886      19.865      19.434      18.987      2.84      3.33       0.2544       5.01      -10.32
  22.770      21.922      21.729      21.433      22.621      0.44      0.82       0.0708       1.87       -9.96
  18.054      16.474      15.745      15.383      15.113      2.04      1.03       0.0566       6.62      -11.07
  21.032      19.302      18.417      18.067      17.780      0.13      0.18       0.1100       5.05      -11.79
  19.965      18.241      17.414      17.024      16.709      0.19      0.15       0.0700       7.91      -12.42
  22.048      20.783      20.367      19.983      19.769      1.62      1.52       0.0756       3.38      -10.10
  21.467      20.729      19.786      19.537      19.229      2.04      1.55       0.3519       2.52      -10.03
  19.575      17.781      16.664      16.187      15.876      0.24      0.08       0.1698       7.62      -13.99
  23.238      20.812      19.934      19.412      19.163      0.30      0.44       0.0992       5.98      -10.53
  21.288      19.630      19.031      18.733      18.857      0.40      0.22       0.0913       3.73      -10.17
  24.226      21.653      20.401      19.709      19.070      0.82      0.66       0.4287       6.23      -11.15
  21.160      19.862      18.540      18.075      17.686      2.30      1.64       0.2969       7.01      -11.21
  21.311      20.745      19.953      19.645      19.207      1.93      2.11       0.3304       4.41      -10.22
  20.886      18.749      17.601      17.068      16.679      0.79      0.46       0.1506       6.99      -11.37
  22.169      21.371      21.000      20.858      20.596      0.06      0.07       0.0686       3.41      -10.12
  20.567      18.670      17.740      17.323      17.017      1.32      1.35       0.0962       7.48      -15.01
  20.108      19.020      18.119      17.692      17.422      2.78      1.98       0.2047       5.27      -10.33
  22.058      20.776      20.321      20.093      20.052      0.77      1.29       0.0350       4.14      -10.21
  21.205      19.876      19.226      18.937      18.791      2.59      1.64       0.0804       4.17      -10.22
  20.262      19.188      18.533      18.244      18.078      2.58      1.27       0.1694       3.90      -10.20
  22.382      21.544      20.991      20.853      20.339      0.42      0.68       0.2925       2.34       -9.99
  20.453      19.013      18.157      17.690      17.500      2.00      1.28       0.1608       4.24      -10.23
  20.318      19.526      19.371      19.164      20.561      3.96      1.97       0.0475       2.62      -10.05
  20.027      19.056      18.114      17.796      17.483      1.20      0.45       0.3177       4.62      -10.29
  22.570      21.438      21.479      20.776      20.896      1.12      3.12       0.1414       4.06      -10.19
  21.744      19.270      17.884      17.421      17.107      2.63      1.23       0.2222       7.76      -16.63
  23.851      21.225      20.065      19.707      19.553      0.41      0.76       0.1886       7.80      -16.67
  21.530      20.750      19.741      19.309      18.934      0.48      0.43       0.3223       4.70      -10.25
  23.195      22.025      20.557      19.984      19.592      4.35      7.14       0.3268       4.89      -10.71
  22.233      20.127      19.041      18.552      18.159      2.43      3.07       0.1244       4.44      -10.24
  20.490      18.438      17.291      16.746      16.408      4.27      2.72       0.1727       6.79      -12.14
  21.975      21.901      21.402      21.222      21.442      0.29      0.36       0.3182       2.77      -10.04
  19.955      18.775      18.094      17.711      17.436      1.79      0.96       0.1210       5.63      -10.33
  22.728      22.376      21.352      21.011      20.201      0.14      0.11       0.4509       5.48      -10.56
  23.046      21.367      20.057      19.555      19.145      6.54      6.91       0.2164       6.86      -12.03
  21.682      20.728      20.023      19.663      19.401      1.19      1.25       0.1896       3.91      -10.19
  23.055      22.134      21.657      21.717      21.489      1.05      2.30       0.4284       3.67      -10.16
  22.396      20.575      19.225      18.744      18.524      2.09      3.09       0.2478       7.12      -15.64
  22.884      21.855      20.526      19.961      19.412      0.10      0.15       0.3822       6.03      -10.71
  20.461      18.995      18.016      17.558      17.218      0.28      0.19       0.1689       4.98      -10.32
  22.866      21.452      20.139      19.618      19.342      0.81      1.08       0.2476       5.41      -10.92
  20.241      19.377      18.814      18.533      18.505      1.27      0.73       0.1981       4.10      -10.24
  21.141      19.291      18.399      18.036      17.819      0.23      0.27       0.1211       6.69      -13.63
  22.764      20.147      19.043      18.562      18.218      1.11      1.17       0.1474       8.04      -13.92
  22.190      20.816      19.679      19.158      18.870      0.17      0.26       0.2163       5.03      -10.35
  20.554      19.480      18.792      18.483      18.281      0.07      0.06       0.1694       4.38      -10.25
  23.519      22.205      21.773      21.465      21.783      0.29      0.63       0.2845       3.91      -10.19
  21.786      20.809      19.770      19.302      19.027      1.94      3.16       0.2524       5.58      -10.37
  21.581      20.551      20.194      20.107      20.128      0.05      0.06       0.1261       2.95      -10.08
  21.058      19.618      18.830      18.412      18.275      2.65      1.65       0.1569       4.76      -10.35
  21.574      20.043      19.232      18.800      18.520      2.41      2.30       0.1051       3.30      -10.12
  20.081      19.026      18.421      18.146      18.018      0.67      0.43       0.1243       2.85      -10.05
  20.439      19.296      18.795      18.491      18.270      3.49      1.94       0.0611       4.05      -10.23
  23.606      22.021      21.215      21.030      20.595      0.20      0.25       0.1286       4.90      -10.32
  21.886      20.982      19.860      19.306      18.912      5.27      4.47       0.3686       4.85      -10.26
  20.747      18.644      17.430      16.948      16.613      3.88      2.46       0.1780       8.52      -16.94
  23.014      21.186      20.044      19.544      19.169      6.39      7.38       0.1635       5.15      -10.39
  23.027      20.219      18.717      18.127      17.650      3.81      1.55       0.2957       5.25      -12.24
  22.170      21.747      20.924      20.822      20.658      1.16      1.58       0.4057       5.69      -10.39
  22.993      20.895      19.338      18.763      18.421      3.08      3.20       0.2941       6.21      -14.84
  20.504      19.858      19.174      18.873      18.769      2.67      1.54       0.2471       4.34      -10.19
  22.764      21.441      20.746      20.439      20.293      0.30      0.43       0.0966       4.08      -10.21
  21.852      20.108      18.822      18.355      17.966      1.61      1.81       0.2017       8.52      -16.07
  22.059      20.502      19.855      19.508      19.588      0.16      0.10       0.1205       3.70      -10.19
  20.490      19.176      18.537      18.247      18.019      1.55      0.83       0.0506       5.00      -10.35
  19.359      18.115      17.410      16.976      16.691      3.69      2.30       0.1168       5.26      -10.34
  22.840      21.018      19.568      19.048      18.722      1.97      1.76       0.2489       6.62      -13.50
  21.059      20.235      19.759      19.412      19.116      0.57      0.55       0.1314       5.22      -10.30
  22.227      21.252      20.347      20.159      19.642      1.11      1.16       0.3162       3.03      -10.08
  21.291      20.048      19.076      18.691      18.323      1.41      1.65       0.2104       5.42      -10.38
  21.006      19.618      18.502      18.066      17.834      2.57      2.94       0.2303       5.99      -11.04
  21.468      20.720      20.165      19.952      19.659      0.80      1.30       0.2027       4.54      -10.26
  22.208      20.555      19.677      19.318      19.011      0.07      0.10       0.1062       7.47      -12.19
  20.986      19.163      18.050      17.604      17.258      0.41      0.34       0.1553       7.79      -14.06
  21.977      19.954      18.401      17.869      17.520      5.51      2.20       0.2760       6.26      -14.89
  19.284      17.556      16.678      16.227      15.824      3.94      3.04       0.0542       7.02      -10.78
  22.981      22.333      20.932      20.402      20.137      1.53      2.16       0.3598       4.33      -10.41
  19.355      17.540      16.530      16.114      15.781     11.18      6.34       0.1283       7.76      -15.16
  23.302      22.370      21.502      21.570      21.924      1.45      1.70       0.2485       4.28      -10.24
  19.037      17.209      16.362      15.993      15.679      0.18      0.17       0.0704       8.27      -15.77
  22.636      20.677      19.575      19.190      18.797      0.13      0.17       0.1390       7.00      -12.63
  17.054      16.457      15.998      15.567      15.454      7.55      3.75       0.1584       7.42      -10.38
  19.727      19.235      18.922      18.607      18.456      1.83      0.77       0.1448       4.50      -10.23
  19.201      17.617      16.865      16.550      16.312      0.40      0.26       0.0813       7.73      -13.65
  21.022      19.944      18.979      18.548      18.340      4.05      3.22       0.2389       5.14      -10.36
  25.678      21.393      20.777      20.290      20.142      2.92      2.59       0.0757       8.82      -17.98
  17.078      15.102      14.250      13.811      13.498      5.69      0.73       0.0619       6.50      -14.67
  21.761      20.159      18.997      18.471      18.192      1.38      1.45       0.2105       4.81      -10.37
  21.954      21.141      20.604      20.559      20.412      0.99      1.65       0.1414       1.79       -9.95
  25.138      20.890      19.280      18.717      18.462      0.46      0.59       0.3102       8.24      -26.20
  23.658      20.582      19.445      18.975      18.527      1.91      2.26       0.1549       4.56      -10.33
  22.201      21.522      20.308      19.899      19.906      0.08      0.07       0.4132       6.31      -11.62
  20.277      18.335      17.001      16.500      16.253     12.44      4.47       0.2300       6.74      -14.87
  24.366      20.717      20.346      20.150      20.109      0.99      0.79       0.1262       5.05      -11.18
  26.365      21.782      20.317      19.695      19.259      1.34      1.35       0.3175       6.67      -23.73
  19.665      18.574      17.810      17.429      17.177      1.83      1.74       0.1676       5.31      -10.36
  20.827      19.591      18.940      18.711      18.534      2.73      1.46       0.1235       3.12      -10.11
  22.456      22.313      21.510      21.641      22.206      0.26      0.51       0.2874       4.84      -10.27
  20.891      19.337      18.281      17.858      17.578      1.20      1.22       0.1820       6.19      -11.20
  20.090      18.699      17.649      17.196      16.917      1.87      1.59       0.2029       4.68      -10.36
  21.344      19.877      18.840      18.346      17.964      1.46      2.78       0.1483       7.67      -11.09
  20.755      20.056      19.024      18.534      18.161      1.58      1.24       0.3613       6.07      -10.66
  18.703      17.121      16.580      16.334      16.267      5.83      1.30       0.0606       5.33      -11.69
  21.599      20.429      19.673      19.238      19.170      0.69      0.71       0.1776       4.75      -10.30
  20.642      19.611      18.758      18.362      18.101      2.17      1.95       0.2155       4.77      -10.27
  23.268      21.998      20.688      20.140      19.853      1.99      3.15       0.2750       5.33      -10.73
  22.595      19.917      18.684      18.198      17.994      2.94      1.72       0.2001       8.10      -16.57
  23.511      21.137      20.449      20.281      20.065      1.12      1.90       0.3343       2.52      -10.01
  21.494      21.178      20.354      20.022      19.723      1.26      1.07       0.3633       3.68      -10.14
  22.654      22.242      21.439      21.200      20.578      1.58      2.77       0.3699       3.43      -10.12
  20.863      19.378      17.839      17.353      17.074      4.63      2.82       0.2793       3.63      -11.31
  22.645      23.497      23.874      21.941      22.420      5.91      3.68       0.4153       4.58      -10.32
  21.178      19.961      18.994      18.576      18.197      1.98      1.59       0.2381       3.64      -10.14
  21.739      20.440      19.835      19.587      19.587      4.35      2.74       0.1117       4.95      -10.35
  21.925      20.713      19.890      19.564      19.841      1.20      0.86       0.2449       3.43      -10.14
  24.517      23.216      21.505      20.972      20.746      0.79      1.58       0.4066       4.66      -11.39
  23.540      22.001      21.214      21.028      20.596      1.84      1.47       0.2913       3.17      -10.09
  23.145      21.242      20.045      19.594      19.303      0.23      0.25       0.1863       7.04      -13.35
  22.470      20.295      18.833      18.245      17.972      2.38      2.76       0.2678       7.09      -16.04
  20.381      19.383      18.458      17.958      17.679      1.61      1.68       0.2226       5.14      -10.29
  19.599      18.588      18.248      17.967      18.062      7.59      9.47       0.0718       3.17      -10.10
  21.223      20.218      19.704      19.489      19.425      0.90      0.71       0.0877       3.37      -10.13
  21.361      19.130      18.055      17.646      17.350      7.73      6.10       0.1491       8.68      -17.08
  17.255      15.312      14.443      14.035      13.741     34.00      8.65       0.0661       7.11      -16.50
  20.493      19.624      19.336      19.153      19.181      0.34      0.40       0.0544       3.21      -10.11
  19.113      17.503      16.753      16.335      16.016     13.80      5.47       0.0570       5.00      -10.33
  24.674      23.054      22.206      22.547      21.996      0.62      1.61       0.2284       5.17      -10.33
  20.246      18.055      17.057      16.628      16.343      4.16      1.25       0.1324       7.55      -14.28
  20.997      20.021      19.318      18.987      18.759      0.17      0.18       0.1813       4.92      -10.30
  21.166      19.677      18.663      18.186      17.886      0.66      0.96       0.1794       6.10      -10.69
  19.043      17.146      16.212      15.781      15.447      6.22      3.03       0.0882       8.32      -16.25
  21.234      19.200      18.303      17.777      17.445      3.46      4.23       0.1013       5.43      -10.34
  20.256      19.402      18.938      18.590      18.522      0.38      0.38       0.1501       6.91      -10.40
  18.134      16.868      16.355      16.038      15.857      9.71      3.51       0.0694       5.24      -10.33
  22.244      21.467      20.965      20.845      20.746      0.43      0.58       0.1659       3.00      -10.07
  18.630      17.438      16.796      16.431      16.202      5.53      2.50       0.1160       5.35      -10.34
  21.518      19.807      18.827      18.403      18.175      3.58      3.56       0.1620       6.54      -11.56
  21.442      19.111      17.897      17.397      17.030      5.02      2.87       0.1780       6.67      -12.75
  19.125      17.747      17.030      16.633      16.450     10.93      4.71       0.1191       5.18      -10.33
  21.500      20.364      19.748      19.401      19.200      0.73      0.92       0.1110       4.44      -10.25
  22.925      22.947      22.546      22.858      21.559      0.03      0.05       0.4973       3.40      -10.12
  23.382      22.035      21.489      21.891      21.193      0.30      0.35       0.1023       2.76      -10.04
  19.680      18.553      17.938      17.633      17.496      2.62      1.12       0.1307       4.83      -10.31
  17.261      15.406      14.518      14.195      13.765     36.12      7.90       0.0755       8.19      -14.83
  23.342      22.716      20.784      20.208      19.839      0.92      1.23       0.3625       5.72      -13.21
  22.129      20.891      19.873      19.380      18.905      2.90      6.46       0.1942       4.33      -10.20
  21.199      19.975      19.416      18.965      18.892      2.89      5.08       0.1011       4.78      -10.32
  19.558      18.213      17.504      17.108      16.861      0.83      0.75       0.1100       4.12      -10.21
  19.190      17.760      16.935      16.506      16.200      2.80      1.52       0.1246       5.26      -10.33
  20.415      19.237      19.043      18.842      18.763      0.58      0.33       0.0502       3.33      -10.12
  18.922      17.889      17.465      17.258      17.265      8.44      1.63       0.0604       5.52      -10.36
  20.479      18.999      17.971      17.474      17.104      2.85      2.76       0.1724       5.73      -10.41
  22.976      22.742      21.808      21.925      22.000      0.36      0.60       0.3283       3.10      -10.09
  19.684      18.493      17.433      17.010      16.695      2.64      1.14       0.2541       6.42      -10.79
  22.474      21.507      20.837      20.497      20.422      1.61      1.84       0.1899       3.52      -10.11
  22.120      21.154      20.021      19.419      19.041      1.25      2.30       0.3226       6.17      -10.51
  18.662      17.389      16.821      16.507      16.296      4.88      1.94       0.0706       5.45      -10.39
  21.823      20.420      19.540      19.238      18.743      2.07      1.63       0.1727       3.97      -10.21
  16.501      14.741      13.907      13.496      13.233      4.98      1.16       0.0763       9.13      -14.87
  20.561      19.625      19.273      19.024      19.005      0.99      0.98       0.0877       3.03      -10.09
  21.008      20.271      19.293      18.923      18.565      1.36      1.65       0.3325       5.04      -10.28
  20.926      20.821      19.368      19.041      19.467      1.25      1.32       0.4013      11.55      -19.48
  20.183      18.361      17.350      16.937      16.614      0.21      0.12       0.1304       8.25      -15.01
  22.800      21.047      20.619      20.193      20.205      0.59      0.89       0.0901       3.81      -10.18
  21.684      19.616      18.323      17.790      17.358      4.42      3.61       0.1794       5.86      -10.96
  20.386      18.925      18.127      17.768      17.495      1.08      0.99       0.1186       6.49      -10.81
  20.551      18.462      17.427      16.993      16.641      2.69      3.07       0.1244       8.02      -15.64
  21.648      20.021      18.930      18.488      18.189      0.20      0.25       0.1800       6.18      -11.47
  21.446      20.811      20.075      19.673      19.417      1.48      1.76       0.2331       5.10      -10.29
  20.725      19.496      18.590      18.105      17.869      3.20      3.40       0.2001       4.31      -10.22
  21.139      20.195      19.097      18.736      18.386      0.82      0.56       0.3505       4.39      -10.27
  21.736      21.262      20.660      20.367      20.110      0.55      0.74       0.2994       5.19      -10.32
  21.340      19.299      18.070      17.623      17.330      3.26      3.56       0.2001       8.11      -16.93
  19.227      17.655      16.807      16.372      16.093      1.41      0.61       0.1192       6.23      -10.58
  22.556      21.685      20.771      20.543      20.200      0.90      0.67       0.3709       3.36      -10.12
  21.611      20.861      20.554      20.303      20.190      0.07      0.10       0.1008       3.57      -10.13
  19.719      18.389      17.709      17.310      17.007      1.19      1.21       0.0732       4.78      -10.25
  21.690      20.776      19.549      18.983      18.578      2.01      1.63       0.3829       5.64      -10.46
  20.571      19.133      18.296      17.880      17.653      6.25      5.44       0.1509       5.91      -10.53
  20.935      19.112      17.912      17.432      17.110      2.93      2.30       0.1819       7.54      -15.06
  20.346      18.612      17.788      17.394      17.121      0.20      0.16       0.0671       7.74      -13.66
  23.779      23.108      21.678      21.212      20.994      1.05      1.15       0.4155       6.87      -12.38
  21.681      20.823      19.452      18.995      18.603      0.66      0.78       0.3327       3.22      -10.09
  20.869      19.265      18.230      17.802      17.432      4.34      3.43       0.1454       5.64      -10.59
  20.710      19.840      19.073      18.801      18.686      1.59      0.83       0.2547       4.76      -10.28
  20.916      19.402      18.455      17.903      17.637      3.21      1.59       0.1544       5.29      -10.36
  19.870      17.953      16.927      16.524      16.166      3.34      3.82       0.1275       7.64      -15.66
  19.945      18.504      17.572      17.179      16.856      0.84      0.54       0.1486       7.30      -11.22
  23.899      22.517      21.777      21.463      23.544      0.59      0.83       0.2263       0.71       -9.74
  20.032      18.987      18.274      17.923      17.687      6.19      3.84       0.1729       6.45      -10.52
  20.281      18.452      17.597      17.197      16.907      4.51      1.93       0.0729       7.90      -14.58
  24.268      24.844      19.611      19.243      18.848      0.60      0.66       0.2858      11.10      -56.01
  21.185      20.108      19.404      19.051      19.017      1.23      0.68       0.1701       4.12      -10.22
  21.365      20.033      18.999      18.596      18.354      0.46      0.39       0.2046       6.29      -11.08
  21.465      20.485      19.412      19.080      18.743      3.12      4.85       0.3520       4.45      -10.29
  18.811      16.802      15.740      15.219      14.825      5.00      1.86       0.1258       9.48      -14.58
  21.549      20.319      19.555      19.109      18.820      0.49      0.52       0.1417       4.06      -10.21
  22.130      21.729      21.016      21.058      20.660      0.94      1.32       0.2760       2.42      -10.01
  22.730      21.785      20.765      20.736      20.217      0.20      0.28       0.3474       2.81      -10.05
  23.000      22.192      21.507      21.178      20.823      0.72      1.23       0.2438       3.17      -10.07
  21.898      19.978      18.547      18.049      17.735      1.14      1.13       0.2367       7.07      -16.03
  22.368      21.580      20.045      19.469      18.988      1.23      1.10       0.3856       3.33      -10.12
  22.004      21.022      20.498      20.184      20.215      2.97      3.17       0.1373       3.52      -10.14
  19.227      17.658      16.901      16.434      16.049      6.52      4.78       0.0650       4.50      -10.22
  20.918      18.989      17.852      17.428      17.128      0.17      0.19       0.1716       8.73      -17.91
  21.608      19.964      19.201      18.798      18.421      2.87      2.20       0.0543       3.22      -10.11
  22.831      22.678      21.168      21.016      20.770      0.68      0.96       0.3957       2.76      -10.06
  22.820      20.820      19.693      19.203      18.957      0.15      0.19       0.1754       7.03      -13.35
  21.816      20.147      18.829      18.346      18.019      2.22      3.21       0.2247       7.07      -14.64
  19.928      18.777      17.891      17.445      17.054      3.98      3.74       0.1721       5.23      -10.31
  23.387      19.801      18.422      17.912      17.614      7.03      5.44       0.2211       8.15      -17.49
  22.953      21.919      21.467      21.154      21.022      0.12      0.21       0.0858       4.63      -10.24
  21.503      21.292      20.391      20.478      20.547      1.97      1.13       0.3385       2.98      -10.05
  26.533      23.113      21.453      20.874      20.660      6.75      3.71       0.3697       8.40      -17.62
  19.602      18.254      17.518      17.031      16.797      7.06      5.28       0.1183       3.31      -10.13
  19.320      18.202      17.664      17.319      17.113      1.86      0.96       0.0875       4.73      -10.29
  25.393      21.191      19.646      19.074      18.776      0.67      0.69       0.3093       6.72      -21.35
  24.189      22.804      22.433      21.830      21.941      0.52     -0.00       0.1629       4.41      -10.23
  23.149      21.202      20.607      20.212      20.339      1.64      1.16       0.1417       3.47      -10.12
  25.100      22.162      21.014      20.611      20.419      3.22      4.59       0.2077       3.96      -18.04
  21.922      19.915      18.892      18.410      18.110      0.33      0.41       0.1399       7.54      -13.30
  23.340      20.553      18.875      18.339      17.935      3.10      3.36       0.3160       6.39      -16.74
  21.634      20.848      20.148      19.849      19.644      0.71      0.96       0.2158       3.49      -10.12
  23.487      20.721      20.473      20.335      19.795      2.60      4.00       0.1895       3.77      -10.18
  21.144      20.171      19.589      19.238      19.108      1.81      1.03       0.1531       4.08      -10.20
  20.280      19.292      18.889      18.670      18.679      1.13      0.49       0.0695       3.63      -10.16
  18.716      16.974      16.201      15.875      15.576      1.56      0.71       0.0578       6.93      -14.70
  19.917      18.898      18.334      17.997      17.876      2.31      2.13       0.1466       3.67      -10.14
  22.549      21.381      20.097      19.570      19.262      1.50      2.02       0.2984       6.33      -11.19
  20.532      19.997      19.779      19.559      19.324      0.86      1.57       0.2321       2.18      -10.00
  20.450      18.845      17.706      17.234      16.940      3.78      2.75       0.1998       5.92      -11.02
  24.437      22.110      20.829      20.462      20.125      0.10      0.13       0.2117       5.48      -12.47
  22.092      20.254      18.922      18.420      18.046      0.29      0.36       0.2072       8.01      -15.98
  20.978      20.326      19.707      19.532      19.427      7.02      7.42       0.2521       3.00      -10.08
  19.455      17.606      16.611      16.090      15.677      1.50      0.53       0.1000       6.55      -10.82
  20.967      19.587      18.395      17.885      17.531      0.44      0.32       0.2331       5.51      -10.48
  22.757      22.573      21.417      20.930      20.301      0.55      0.98       0.4841       4.57      -10.32
  21.514      20.580      19.233      18.726      18.398      2.71      2.30       0.3314       6.90      -11.97
  22.713      21.844      21.578      21.737      20.986      1.08      1.76       0.1155       2.02       -9.97
  21.874      21.333      20.774      20.334      20.242      0.81      1.16       0.2478       4.26      -10.21
  24.322      22.073      21.522      21.166      20.640      1.08      0.91       0.2158       3.41      -10.13
  17.559      16.506      16.174      15.974      15.831     12.84      2.46       0.0368       4.10      -10.22
  21.909      20.342      19.157      18.692      18.343      1.49      0.96       0.1923       4.92      -10.49
  20.566      19.348      18.020      17.591      17.139      2.14      1.38       0.3326       4.22      -10.22
  19.726      17.758      16.674      16.259      15.874      7.92      3.95       0.1360       8.14      -16.52
  22.244      20.731      19.886      19.384      19.180      1.09      1.31       0.1280       4.00      -10.18
  22.819      20.583      19.364      18.902      18.468      0.17      0.23       0.1605       7.25      -13.15
  21.999      20.046      18.500      17.964      17.724      5.06      3.60       0.2743       6.34      -16.69
  21.093      20.270      19.550      19.111      18.908      0.47      0.37       0.1938       5.76      -10.45
  19.795      17.998      17.098      16.579      16.302      1.70      1.04       0.1171       6.11      -10.59
  22.911      21.579      20.392      19.892      19.492      1.43      1.52       0.2604       4.74      -10.35
  21.088      18.884      17.646      17.189      16.853      0.36      0.20       0.1831       8.87      -17.59
  20.980      19.745      19.339      19.083      19.055      4.30      3.60       0.0587       2.41      -10.02
  18.996      17.705      17.044      16.695      16.465      1.58      0.54       0.0954       5.58      -10.39
  20.131      18.950      18.056      17.649      17.358      1.13      0.72       0.1989       5.45      -10.40
  19.935      18.546      17.696      17.258      17.031      0.36      0.23       0.1648       5.36      -10.40
  26.027      20.837      19.777      19.283      18.763      2.79      7.14       0.2377      10.46      -50.59
  21.675      20.225      19.381      18.871      18.565      3.22      2.00       0.1094       4.16      -10.23
  24.466      20.857      19.546      19.096      18.743      2.66      2.68       0.2144       6.81      -16.68
  22.338      19.815      18.611      18.148      17.797      0.92      1.03       0.1749       8.95      -16.79
  22.964      21.142      20.098      19.673      19.380      0.48      0.74       0.1535       4.45      -10.39
  22.150      20.413      19.207      18.672      18.349      4.73      3.54       0.2053       7.15      -12.28
  18.388      17.510      17.050      16.603      16.457      3.71      2.04       0.0976       7.73      -10.46
  23.124      21.595      21.241      21.229      22.523      1.59      1.86       0.0652       1.73       -9.93
  22.626      21.057      20.571      20.228      19.935      0.54      0.78       0.0736       4.02      -10.21
  21.207      20.137      18.944      18.462      18.136      1.91      1.60       0.2987       5.33      -10.39
  19.030      17.243      16.288      15.776      15.468      2.27      0.90       0.1299       7.93      -11.28
  19.706      18.606      17.918      17.533      17.299      2.09      1.07       0.1507       5.76      -10.35
  19.510      17.286      16.099      15.526      15.126      5.33      1.53       0.1468       9.10      -16.57
  19.318      17.742      16.834      16.454      16.120      0.17      0.06       0.1160       7.55      -11.54
  21.311      20.316      19.934      19.619      19.644      0.11      0.16       0.1011       4.40      -10.26
  21.711      21.764      20.951      20.642      20.541      1.92      1.67       0.3880       4.85      -10.29
  19.834      17.928      16.886      16.472      16.130      2.28      1.31       0.1324       8.03      -15.65
  20.578      19.374      18.662      18.333      18.159      1.27      1.03       0.1565       6.24      -10.55
